 1.019000e-01 
 1.331000e-01 
 1.036000e-01 
 5.250000e-02 
 7.830000e-02 
 1.703000e-01 
 3.131000e-01 
 3.366000e-01 
 2.836000e-01 
 2.088000e-01 
 3.413000e-01 
 2.962000e-01 
 2.309000e-01 
 1.371000e-01 
 1.077000e-01 
 7.840000e-02 
 2.182000e-01 
 1.991000e-01 
 2.063000e-01 
 2.756000e-01 
 2.235000e-01 
 9.070000e-02 
 1.074000e-01 
 1.928000e-01 
 1.140000e-01 
 1.047000e-01 
 1.899000e-01 
 3.374000e-01 
 3.018000e-01 
 6.350000e-02 
 1.540000e-02 
 4.830000e-02 
 1.025000e-01 
 1.112000e-01 
 1.514000e-01 
 1.780000e-02 
 8.400000e-03 
 3.400000e-02 
 1.665000e-01 
 1.824000e-01 
 2.703000e-01 
 1.884000e-01 
 1.293000e-01 
 2.421000e-01 
 2.089000e-01 
 1.074000e-01 
 1.090000e-01 
 4.270000e-02 
 2.040000e-02 
 1.840000e-02 
 1.495000e-01 
 2.602000e-01 
 2.690000e-01 
 2.935000e-01 
 2.243000e-01 
 2.725000e-01 
 2.655000e-01 
 1.849000e-01 
 1.891000e-01 
 1.101000e-01 
 1.479000e-01 
 2.535000e-01 
 2.479000e-01 
 2.654000e-01 
 3.109000e-01 
 2.346000e-01 
 1.106000e-01 
 9.450000e-02 
 8.600000e-02 
 3.590000e-02 
 4.890000e-02 
 1.218000e-01 
 3.008000e-01 
 2.404000e-01 
 5.180000e-02 
 2.740000e-02 
 6.590000e-02 
 2.186000e-01 
 1.906000e-01 
 1.844000e-01 
 2.660000e-02 
 1.830000e-02 
 6.460000e-02 
 9.370000e-02 
 2.004000e-01 
 2.155000e-01 
 1.786000e-01 
 2.320000e-02 
 9.980000e-02 
 2.211000e-01 
 1.631000e-01 
 1.507000e-01 
 1.348000e-01 
 2.202000e-01 
 1.965000e-01 
 7.210000e-02 
 1.513000e-01 
 1.506000e-01 
 2.441000e-01 
 3.226000e-01 
 2.488000e-01 
 1.625000e-01 
 2.563000e-01 
 2.246000e-01 
 2.381000e-01 
 1.361000e-01 
 2.190000e-01 
 3.242000e-01 
 2.975000e-01 
 3.000000e-01 
 2.940000e-01 
 2.356000e-01 
 1.777000e-01 
 1.408000e-01 
 8.140000e-02 
 1.336000e-01 
 1.485000e-01 
 7.150000e-02 
 2.111000e-01 
 1.315000e-01 
 6.030000e-02 
 1.470000e-02 
 1.088000e-01 
 2.606000e-01 
 2.150000e-01 
 1.451000e-01 
 1.850000e-02 
 1.630000e-02 
 1.105000e-01 
 2.307000e-01 
 8.130000e-02 
 1.100000e-02 
 6.050000e-02 
 2.187000e-01 
 1.523000e-01 
 9.890000e-02 
 1.490000e-02 
 1.894000e-01 
 2.622000e-01 
 1.840000e-01 
 1.920000e-01 
 2.005000e-01 
 2.646000e-01 
 3.864000e-01 
 2.990000e-01 
 1.760000e-01 
 1.810000e-01 
 2.423000e-01 
 2.156000e-01 
 2.078000e-01 
 2.514000e-01 
 3.573000e-01 
 4.538000e-01 
 3.551000e-01 
 2.306000e-01 
 1.504000e-01 
 1.697000e-01 
 2.069000e-01 
 8.000000e-02 
 1.475000e-01 
 2.508000e-01 
 1.759000e-01 
 1.855000e-01 
 9.300000e-02 
 5.060000e-02 
 3.860000e-02 
 2.768000e-01 
 2.587000e-01 
 1.812000e-01 
 1.272000e-01 
 9.390000e-02 
 2.220000e-02 
 1.224000e-01 
 1.382000e-01 
 5.600000e-03 
 3.750000e-02 
 2.398000e-01 
 2.341000e-01 
 1.155000e-01 
 2.067000e-01 
 2.608000e-01 
 2.221000e-01 
 1.940000e-01 
 2.393000e-01 
 2.809000e-01 
 2.768000e-01 
 2.845000e-01 
 2.069000e-01 
 1.824000e-01 
 2.340000e-01 
 2.321000e-01 
 2.821000e-01 
 2.372000e-01 
 2.831000e-01 
 4.052000e-01 
 3.242000e-01 
 1.844000e-01 
 8.720000e-02 
 2.434000e-01 
 2.706000e-01 
 2.015000e-01 
 2.467000e-01 
 2.930000e-01 
 2.503000e-01 
 1.175000e-01 
 1.388000e-01 
 1.057000e-01 
 2.279000e-01 
 3.338000e-01 
 2.590000e-01 
 2.044000e-01 
 1.883000e-01 
 1.575000e-01 
 1.330000e-02 
 9.680000e-02 
 2.140000e-02 
 2.020000e-02 
 4.120000e-02 
 9.890000e-02 
 1.774000e-01 
 2.901000e-01 
 7.510000e-02 
 1.100000e-01 
 2.421000e-01 
 2.642000e-01 
 1.852000e-01 
 2.192000e-01 
 2.903000e-01 
 2.483000e-01 
 2.477000e-01 
 2.537000e-01 
 2.279000e-01 
 2.583000e-01 
 2.601000e-01 
 2.027000e-01 
 1.876000e-01 
 2.200000e-01 
 2.615000e-01 
 2.360000e-01 
 1.347000e-01 
 1.449000e-01 
 2.666000e-01 
 2.646000e-01 
 2.639000e-01 
 2.677000e-01 
 1.858000e-01 
 1.504000e-01 
 1.501000e-01 
 1.568000e-01 
 1.270000e-01 
 3.339000e-01 
 2.686000e-01 
 2.092000e-01 
 1.827000e-01 
 2.233000e-01 
 1.480000e-01 
 1.094000e-01 
 1.281000e-01 
 2.100000e-02 
 8.400000e-02 
 1.018000e-01 
 2.102000e-01 
 3.075000e-01 
 7.230000e-02 
 1.488000e-01 
 2.965000e-01 
 2.429000e-01 
 2.325000e-01 
 2.618000e-01 
 2.258000e-01 
 2.260000e-01 
 2.385000e-01 
 2.360000e-01 
 2.379000e-01 
 2.224000e-01 
 1.558000e-01 
 1.960000e-01 
 1.340000e-01 
 1.206000e-01 
 1.549000e-01 
 9.730000e-02 
 1.098000e-01 
 2.099000e-01 
 2.912000e-01 
 1.793000e-01 
 1.838000e-01 
 2.596000e-01 
 2.247000e-01 
 2.350000e-01 
 2.160000e-01 
 1.830000e-01 
 3.471000e-01 
 3.346000e-01 
 2.270000e-01 
 1.612000e-01 
 2.414000e-01 
 1.944000e-01 
 6.550000e-02 
 1.050000e-01 
 9.380000e-02 
 1.881000e-01 
 7.920000e-02 
 5.740000e-02 
 1.772000e-01 
 2.168000e-01 
 2.373000e-01 
 3.180000e-02 
 2.100000e-02 
 1.062000e-01 
 2.909000e-01 
 3.190000e-01 
 3.228000e-01 
 2.358000e-01 
 1.770000e-01 
 1.862000e-01 
 2.006000e-01 
 2.238000e-01 
 1.387000e-01 
 1.644000e-01 
 8.800000e-02 
 2.012000e-01 
 9.400000e-02 
 1.245000e-01 
 2.362000e-01 
 8.960000e-02 
 5.300000e-02 
 1.798000e-01 
 2.707000e-01 
 2.124000e-01 
 2.077000e-01 
 2.876000e-01 
 3.287000e-01 
 2.416000e-01 
 1.699000e-01 
 2.163000e-01 
 2.698000e-01 
 3.494000e-01 
 3.189000e-01 
 3.162000e-01 
 2.837000e-01 
 2.114000e-01 
 1.409000e-01 
 1.375000e-01 
 4.040000e-02 
 6.830000e-02 
 1.181000e-01 
 9.760000e-02 
 1.418000e-01 
 8.570000e-02 
 6.400000e-03 
 7.120000e-02 
 2.391000e-01 
 2.088000e-01 
 1.204000e-01 
 4.940000e-02 
 3.950000e-02 
 1.872000e-01 
 4.009000e-01 
 3.343000e-01 
 1.881000e-01 
 1.682000e-01 
 1.897000e-01 
 1.558000e-01 
 1.079000e-01 
 6.640000e-02 
 6.480000e-02 
 4.630000e-02 
 2.007000e-01 
 1.789000e-01 
 2.132000e-01 
 2.680000e-01 
 1.079000e-01 
 4.880000e-02 
 1.196000e-01 
 2.166000e-01 
 2.224000e-01 
 2.976000e-01 
 3.377000e-01 
 2.424000e-01 
 2.119000e-01 
 1.390000e-01 
 1.858000e-01 
 2.322000e-01 
 3.456000e-01 
 3.446000e-01 
 3.482000e-01 
 3.533000e-01 
 2.245000e-01 
 1.377000e-01 
 6.290000e-02 
 6.090000e-02 
 3.550000e-02 
 5.020000e-02 
 6.920000e-02 
 5.630000e-02 
 2.000000e-02 
 6.550000e-02 
 4.090000e-02 
 1.391000e-01 
 2.497000e-01 
 1.557000e-01 
 1.712000e-01 
 9.800000e-02 
 2.227000e-01 
 3.188000e-01 
 2.998000e-01 
 1.486000e-01 
 1.904000e-01 
 1.068000e-01 
 1.593000e-01 
 1.458000e-01 
 3.740000e-02 
 8.010000e-02 
 1.874000e-01 
 3.150000e-01 
 3.148000e-01 
 2.699000e-01 
 1.575000e-01 
 9.420000e-02 
 1.065000e-01 
 1.809000e-01 
 1.626000e-01 
 2.615000e-01 
 3.463000e-01 
 1.834000e-01 
 1.499000e-01 
 1.303000e-01 
 1.228000e-01 
 1.714000e-01 
 3.241000e-01 
 4.222000e-01 
 3.921000e-01 
 3.132000e-01 
 2.442000e-01 
 6.880000e-02 
 2.540000e-02 
 9.500000e-03 
 9.670000e-02 
 2.044000e-01 
 1.189000e-01 
 9.280000e-02 
 1.668000e-01 
 1.901000e-01 
 2.636000e-01 
 1.469000e-01 
 2.900000e-02 
 1.765000e-01 
 2.081000e-01 
 3.103000e-01 
 2.826000e-01 
 1.698000e-01 
 7.490000e-02 
 8.380000e-02 
 1.142000e-01 
 6.300000e-02 
 5.140000e-02 
 1.630000e-01 
 3.040000e-01 
 3.300000e-01 
 3.172000e-01 
 2.124000e-01 
 9.360000e-02 
 8.870000e-02 
 1.551000e-01 
 1.526000e-01 
 2.760000e-01 
 4.029000e-01 
 2.446000e-01 
 1.711000e-01 
 1.363000e-01 
 1.535000e-01 
 1.933000e-01 
 3.353000e-01 
 4.033000e-01 
 3.609000e-01 
 2.699000e-01 
 1.349000e-01 
 1.860000e-02 
 1.922000e-01 
 2.694000e-01 
 1.938000e-01 
 8.970000e-02 
 1.584000e-01 
 1.288000e-01 
 2.205000e-01 
 7.310000e-02 
 2.180000e-02 
 1.795000e-01 
 1.809000e-01 
 3.273000e-01 
 3.356000e-01 
 2.096000e-01 
 9.040000e-02 
 9.630000e-02 
 1.577000e-01 
 5.390000e-02 
 2.290000e-02 
 1.461000e-01 
 2.601000e-01 
 2.524000e-01 
 2.351000e-01 
 1.802000e-01 
 1.003000e-01 
 5.580000e-02 
 1.714000e-01 
 2.412000e-01 
 3.162000e-01 
 4.062000e-01 
 3.077000e-01 
 2.340000e-01 
 1.587000e-01 
 1.789000e-01 
 2.505000e-01 
 2.207000e-01 
 3.906000e-01 
 4.273000e-01 
 2.852000e-01 
 9.340000e-02 
 3.840000e-02 
 2.524000e-01 
 3.783000e-01 
 2.690000e-01 
 1.908000e-01 
 1.499000e-01 
 7.240000e-02 
 1.268000e-01 
 2.140000e-02 
 3.450000e-02 
 9.810000e-02 
 1.380000e-01 
 2.549000e-01 
 2.564000e-01 
 2.563000e-01 
 9.710000e-02 
 1.729000e-01 
 1.341000e-01 
 3.410000e-02 
 5.880000e-02 
 1.059000e-01 
 2.469000e-01 
 2.418000e-01 
 1.520000e-01 
 1.515000e-01 
 1.511000e-01 
 9.990000e-02 
 1.816000e-01 
 1.994000e-01 
 1.897000e-01 
 3.361000e-01 
 3.148000e-01 
 2.746000e-01 
 2.855000e-01 
 2.460000e-01 
 2.437000e-01 
 2.177000e-01 
 3.247000e-01 
 3.505000e-01 
 2.455000e-01 
 1.052000e-01 
 3.300000e-03 
 2.750000e-02 
 4.680000e-02 
 2.430000e-02 
 2.597000e-01 
 3.908000e-01 
 3.381000e-01 
 3.064000e-01 
 1.502000e-01 
 1.500000e-02 
 7.270000e-02 
 2.840000e-02 
 5.470000e-02 
 7.300000e-02 
 7.030000e-02 
 1.085000e-01 
 1.431000e-01 
 2.470000e-01 
 2.010000e-01 
 8.790000e-02 
 1.040000e-01 
 1.600000e-01 
 2.050000e-02 
 1.700000e-02 
 6.700000e-02 
 6.660000e-02 
 1.794000e-01 
 2.276000e-01 
 1.467000e-01 
 6.990000e-02 
 1.065000e-01 
 8.470000e-02 
 1.689000e-01 
 1.927000e-01 
 1.716000e-01 
 2.923000e-01 
 3.200000e-01 
 3.731000e-01 
 3.082000e-01 
 2.750000e-01 
 2.602000e-01 
 3.374000e-01 
 3.412000e-01 
 2.880000e-01 
 1.781000e-01 
 1.053000e-01 
 4.940000e-02 
 2.024000e-01 
 3.561000e-01 
 3.956000e-01 
 3.055000e-01 
 2.040000e-01 
 4.130000e-02 
 6.840000e-02 
 2.550000e-02 
 1.260000e-02 
 4.300000e-02 
 4.270000e-02 
 1.320000e-01 
 1.863000e-01 
 1.665000e-01 
 1.715000e-01 
 1.699000e-01 
 2.633000e-01 
 6.830000e-02 
 6.270000e-02 
 1.900000e-03 
 3.780000e-02 
 7.530000e-02 
 2.170000e-01 
 1.362000e-01 
 4.690000e-02 
 7.670000e-02 
 1.160000e-02 
 2.030000e-02 
 1.747000e-01 
 2.532000e-01 
 2.464000e-01 
 2.767000e-01 
 3.678000e-01 
 2.676000e-01 
 2.250000e-01 
 2.136000e-01 
 2.709000e-01 
 3.464000e-01 
 2.232000e-01 
 1.322000e-01 
 1.239000e-01 
 1.202000e-01 
 2.355000e-01 
 2.600000e-01 
 3.355000e-01 
 3.003000e-01 
 2.029000e-01 
 8.200000e-02 
 1.024000e-01 
 3.910000e-02 
 3.360000e-02 
 2.980000e-02 
 3.300000e-03 
 1.601000e-01 
 2.187000e-01 
 1.311000e-01 
 2.267000e-01 
 1.619000e-01 
 2.590000e-01 
 1.867000e-01 
 6.410000e-02 
 5.090000e-02 
 8.600000e-02 
 9.980000e-02 
 1.359000e-01 
 4.490000e-02 
 3.710000e-02 
 6.210000e-02 
 7.040000e-02 
 2.343000e-01 
 2.149000e-01 
 2.667000e-01 
 3.655000e-01 
 3.101000e-01 
 3.248000e-01 
 2.840000e-01 
 3.064000e-01 
 3.476000e-01 
 1.906000e-01 
 1.340000e-01 
 1.344000e-01 
 1.380000e-02 
 7.960000e-02 
 1.320000e-02 
 1.366000e-01 
 2.202000e-01 
 2.743000e-01 
 2.875000e-01 
 2.811000e-01 
 1.985000e-01 
 6.270000e-02 
 4.930000e-02 
 1.405000e-01 
 3.360000e-02 
 3.450000e-02 
 1.185000e-01 
 1.534000e-01 
 1.483000e-01 
 8.980000e-02 
 8.260000e-02 
 1.284000e-01 
 2.345000e-01 
 1.268000e-01 
 1.637000e-01 
 1.319000e-01 
 9.830000e-02 
 1.020000e-01 
 1.291000e-01 
 6.560000e-02 
 2.550000e-02 
 1.000000e-02 
 1.829000e-01 
 2.178000e-01 
 2.821000e-01 
 3.834000e-01 
 4.013000e-01 
 4.565000e-01 
 4.422000e-01 
 3.065000e-01 
 3.027000e-01 
 1.805000e-01 
 2.331000e-01 
 1.058000e-01 
 5.060000e-02 
 8.570000e-02 
 1.041000e-01 
 1.104000e-01 
 3.240000e-02 
 1.056000e-01 
 1.639000e-01 
 1.870000e-01 
 3.152000e-01 
 3.318000e-01 
 2.080000e-01 
 1.616000e-01 
 9.240000e-02 
 5.610000e-02 
 1.094000e-01 
 1.660000e-02 
 1.820000e-02 
 8.570000e-02 
 1.531000e-01 
 7.900000e-02 
 7.620000e-02 
 3.660000e-02 
 4.510000e-02 
 5.640000e-02 
 1.636000e-01 
 2.201000e-01 
 2.195000e-01 
 1.382000e-01 
 9.550000e-02 
 1.789000e-01 
 2.166000e-01 
 1.715000e-01 
 7.770000e-02 
 3.180000e-02 
 1.270000e-01 
 2.061000e-01 
 2.973000e-01 
 4.601000e-01 
 4.893000e-01 
 4.381000e-01 
 5.068000e-01 
 3.650000e-01 
 2.517000e-01 
 1.645000e-01 
 1.680000e-01 
 1.293000e-01 
 4.450000e-02 
 1.092000e-01 
 9.040000e-02 
 1.796000e-01 
 2.333000e-01 
 1.980000e-01 
 1.154000e-01 
 1.410000e-01 
 3.143000e-01 
 2.839000e-01 
 2.428000e-01 
 1.937000e-01 
 1.301000e-01 
 7.970000e-02 
 1.318000e-01 
 9.030000e-02 
 8.010000e-02 
 5.610000e-02 
 1.150000e-01 
 1.104000e-01 
 7.390000e-02 
 1.464000e-01 
 1.711000e-01 
 2.188000e-01 
 1.934000e-01 
 2.277000e-01 
 2.551000e-01 
 1.550000e-01 
 1.609000e-01 
 1.239000e-01 
 4.980000e-02 
 6.130000e-02 
 4.020000e-02 
 9.890000e-02 
 2.687000e-01 
 2.709000e-01 
 4.464000e-01 
 4.513000e-01 
 4.292000e-01 
 4.872000e-01 
 3.913000e-01 
 2.439000e-01 
 1.850000e-01 
 1.849000e-01 
 1.315000e-01 
 6.510000e-02 
 5.130000e-02 
 1.152000e-01 
 1.954000e-01 
 1.631000e-01 
 1.157000e-01 
 1.034000e-01 
 1.535000e-01 
 2.934000e-01 
 3.054000e-01 
 2.626000e-01 
 3.058000e-01 
 2.091000e-01 
 1.383000e-01 
 1.312000e-01 
 2.850000e-02 
 2.260000e-02 
 3.460000e-02 
 6.950000e-02 
 1.342000e-01 
 1.197000e-01 
 1.758000e-01 
 9.950000e-02 
 2.161000e-01 
 2.601000e-01 
 2.108000e-01 
 1.510000e-01 
 1.126000e-01 
 1.838000e-01 
 1.548000e-01 
 1.315000e-01 
 8.050000e-02 
 8.230000e-02 
 1.656000e-01 
 2.955000e-01 
 4.254000e-01 
 5.808000e-01 
 4.132000e-01 
 3.707000e-01 
 3.812000e-01 
 3.757000e-01 
 1.924000e-01 
 2.055000e-01 
 2.467000e-01 
 2.061000e-01 
 7.770000e-02 
 4.610000e-02 
 1.183000e-01 
 1.809000e-01 
 1.414000e-01 
 5.780000e-02 
 1.217000e-01 
 1.302000e-01 
 3.065000e-01 
 3.205000e-01 
 2.467000e-01 
 3.078000e-01 
 2.749000e-01 
 1.913000e-01 
 1.429000e-01 
 6.070000e-02 
 1.167000e-01 
 1.890000e-02 
 2.380000e-02 
 2.900000e-02 
 1.419000e-01 
 1.492000e-01 
 1.441000e-01 
 7.040000e-02 
 1.553000e-01 
 2.363000e-01 
 2.462000e-01 
 1.108000e-01 
 1.036000e-01 
 1.937000e-01 
 1.115000e-01 
 5.760000e-02 
 1.243000e-01 
 1.548000e-01 
 1.947000e-01 
 2.866000e-01 
 4.642000e-01 
 5.228000e-01 
 3.255000e-01 
 3.082000e-01 
 3.694000e-01 
 3.367000e-01 
 2.052000e-01 
 2.618000e-01 
 3.505000e-01 
 2.755000e-01 
 1.494000e-01 
 2.830000e-02 
 2.610000e-02 
 1.337000e-01 
 1.111000e-01 
 7.700000e-03 
 1.235000e-01 
 1.550000e-01 
 2.233000e-01 
 2.286000e-01 
 2.652000e-01 
 3.292000e-01 
 3.069000e-01 
 1.969000e-01 
 9.300000e-02 
 2.970000e-02 
 7.870000e-02 
 1.072000e-01 
 4.090000e-02 
 2.470000e-02 
 3.770000e-02 
 1.128000e-01 
 1.268000e-01 
 8.780000e-02 
 4.700000e-02 
 1.084000e-01 
 2.082000e-01 
 1.650000e-01 
 1.288000e-01 
 1.437000e-01 
 1.954000e-01 
 1.107000e-01 
 6.370000e-02 
 1.668000e-01 
 2.592000e-01 
 2.732000e-01 
 4.318000e-01 
 4.524000e-01 
 3.690000e-01 
 3.227000e-01 
 3.549000e-01 
 3.794000e-01 
 2.856000e-01 
 2.794000e-01 
 3.431000e-01 
 2.850000e-01 
 9.590000e-02 
 5.300000e-02 
 4.210000e-02 
 1.245000e-01 
 1.907000e-01 
 1.804000e-01 
 1.792000e-01 
 3.246000e-01 
 3.279000e-01 
 2.824000e-01 
 1.440000e-01 
 2.340000e-02 
 2.170000e-02 
 8.640000e-02 
 1.138000e-01 
 3.420000e-02 
 8.440000e-02 
 1.160000e-01 
 9.210000e-02 
 2.800000e-03 
 2.160000e-02 
 1.316000e-01 
 1.291000e-01 
 1.190000e-01 
 1.901000e-01 
 1.838000e-01 
 1.113000e-01 
 5.010000e-02 
 1.716000e-01 
 3.092000e-01 
 3.432000e-01 
 4.035000e-01 
 4.240000e-01 
 4.107000e-01 
 3.451000e-01 
 3.640000e-01 
 3.571000e-01 
 2.976000e-01 
 2.182000e-01 
 2.591000e-01 
 1.838000e-01 
 2.130000e-02 
 6.670000e-02 
 1.633000e-01 
 2.577000e-01 
 2.231000e-01 
 1.424000e-01 
 3.026000e-01 
 2.641000e-01 
 1.884000e-01 
 1.387000e-01 
