 3.009000e-01 
 2.482000e-01 
 2.126000e-01 
 1.873000e-01 
 1.672000e-01 
 6.210000e-02 
 8.800000e-03 
 2.400000e-03 
 1.860000e-02 
 1.442000e-01 
 1.788000e-01 
 1.502000e-01 
 1.332000e-01 
 1.271000e-01 
 1.226000e-01 
 1.073000e-01 
 7.310000e-02 
 8.240000e-02 
 9.990000e-02 
 1.410000e-02 
 9.500000e-03 
 9.240000e-02 
 1.214000e-01 
 8.310000e-02 
 3.830000e-02 
 7.530000e-02 
 6.900000e-02 
 5.670000e-02 
 5.610000e-02 
 9.330000e-02 
 3.020000e-02 
 6.070000e-02 
 7.810000e-02 
 4.490000e-02 
 8.490000e-02 
 1.458000e-01 
 1.619000e-01 
 1.379000e-01 
 1.424000e-01 
 2.223000e-01 
 2.538000e-01 
 2.444000e-01 
 1.616000e-01 
 1.474000e-01 
 1.241000e-01 
 1.801000e-01 
 2.426000e-01 
 2.424000e-01 
 1.974000e-01 
 1.886000e-01 
 3.033000e-01 
 3.096000e-01 
 2.623000e-01 
 2.868000e-01 
 2.889000e-01 
 3.441000e-01 
 3.634000e-01 
 3.479000e-01 
 2.568000e-01 
 3.282000e-01 
 2.940000e-01 
 2.402000e-01 
 2.242000e-01 
 1.900000e-01 
 1.851000e-01 
 1.298000e-01 
 4.030000e-02 
 1.025000e-01 
 1.757000e-01 
 1.324000e-01 
 1.256000e-01 
 1.158000e-01 
 1.033000e-01 
 1.212000e-01 
 1.458000e-01 
 9.140000e-02 
 9.980000e-02 
 7.980000e-02 
 6.780000e-02 
 1.285000e-01 
 1.256000e-01 
 4.190000e-02 
 6.270000e-02 
 8.370000e-02 
 5.420000e-02 
 5.690000e-02 
 9.100000e-02 
 1.184000e-01 
 6.340000e-02 
 5.820000e-02 
 1.229000e-01 
 9.610000e-02 
 6.120000e-02 
 6.610000e-02 
 1.498000e-01 
 1.093000e-01 
 1.179000e-01 
 2.119000e-01 
 2.635000e-01 
 2.674000e-01 
 2.078000e-01 
 1.409000e-01 
 1.401000e-01 
 1.358000e-01 
 2.362000e-01 
 2.072000e-01 
 1.676000e-01 
 1.754000e-01 
 2.940000e-01 
 3.423000e-01 
 3.237000e-01 
 2.947000e-01 
 3.205000e-01 
 3.534000e-01 
 3.276000e-01 
 3.484000e-01 
 3.002000e-01 
 2.854000e-01 
 2.523000e-01 
 2.281000e-01 
 1.848000e-01 
 1.822000e-01 
 1.443000e-01 
 1.319000e-01 
 1.150000e-02 
 5.120000e-02 
 8.220000e-02 
 8.440000e-02 
 6.120000e-02 
 6.540000e-02 
 1.066000e-01 
 1.639000e-01 
 1.643000e-01 
 1.413000e-01 
 1.455000e-01 
 1.582000e-01 
 1.673000e-01 
 1.677000e-01 
 1.297000e-01 
 2.320000e-02 
 1.490000e-02 
 5.180000e-02 
 7.100000e-03 
 2.780000e-02 
 9.970000e-02 
 1.000000e-01 
 4.720000e-02 
 8.530000e-02 
 1.312000e-01 
 1.089000e-01 
 8.390000e-02 
 1.160000e-02 
 1.066000e-01 
 1.217000e-01 
 6.200000e-02 
 1.445000e-01 
 2.143000e-01 
 2.233000e-01 
 2.006000e-01 
 1.325000e-01 
 1.412000e-01 
 1.208000e-01 
 1.928000e-01 
 1.301000e-01 
 1.261000e-01 
 2.105000e-01 
 3.227000e-01 
 3.419000e-01 
 3.299000e-01 
 3.019000e-01 
 3.197000e-01 
 3.031000e-01 
 3.525000e-01 
 3.309000e-01 
 2.671000e-01 
 2.033000e-01 
 1.886000e-01 
 2.216000e-01 
 2.185000e-01 
 2.014000e-01 
 1.354000e-01 
 1.060000e-01 
 9.500000e-03 
 5.140000e-02 
 1.215000e-01 
 1.657000e-01 
 1.643000e-01 
 1.803000e-01 
 1.815000e-01 
 1.772000e-01 
 2.062000e-01 
 1.764000e-01 
 1.093000e-01 
 1.100000e-03 
 5.410000e-02 
 1.610000e-02 
 6.200000e-02 
 1.354000e-01 
 1.166000e-01 
 8.760000e-02 
 1.178000e-01 
 1.007000e-01 
 5.690000e-02 
 9.390000e-02 
 4.240000e-02 
 1.244000e-01 
 1.151000e-01 
 7.970000e-02 
 1.181000e-01 
 1.726000e-01 
 2.174000e-01 
 2.044000e-01 
 1.214000e-01 
 1.096000e-01 
 7.830000e-02 
 1.048000e-01 
 7.780000e-02 
 1.159000e-01 
 2.428000e-01 
 2.906000e-01 
 2.912000e-01 
 3.257000e-01 
 3.378000e-01 
 3.289000e-01 
 3.567000e-01 
 3.775000e-01 
 3.027000e-01 
 2.039000e-01 
 1.763000e-01 
 1.941000e-01 
 2.539000e-01 
 2.676000e-01 
 1.868000e-01 
 1.507000e-01 
 1.207000e-01 
 1.890000e-02 
 7.090000e-02 
 1.706000e-01 
 1.378000e-01 
 1.594000e-01 
 1.702000e-01 
 1.843000e-01 
 1.884000e-01 
 1.740000e-01 
 1.054000e-01 
 6.000000e-04 
 3.210000e-02 
 6.280000e-02 
 7.850000e-02 
 1.026000e-01 
 1.670000e-01 
 1.446000e-01 
 1.318000e-01 
 8.080000e-02 
 7.270000e-02 
 6.780000e-02 
 6.000000e-02 
 9.540000e-02 
 1.265000e-01 
 6.620000e-02 
 6.010000e-02 
 1.370000e-01 
 1.600000e-01 
 1.507000e-01 
 5.970000e-02 
 7.700000e-02 
 5.670000e-02 
 4.960000e-02 
 7.170000e-02 
 1.719000e-01 
 2.583000e-01 
 2.851000e-01 
 2.863000e-01 
 2.929000e-01 
 3.319000e-01 
 3.464000e-01 
 3.503000e-01 
 3.884000e-01 
 2.798000e-01 
 1.951000e-01 
 1.631000e-01 
 1.631000e-01 
 1.898000e-01 
 2.162000e-01 
 1.737000e-01 
 1.587000e-01 
 1.383000e-01 
 2.080000e-02 
 7.210000e-02 
 1.200000e-01 
 9.200000e-02 
 1.318000e-01 
 1.412000e-01 
 1.422000e-01 
 1.910000e-01 
 2.253000e-01 
 1.113000e-01 
 3.740000e-02 
 2.810000e-02 
 3.400000e-03 
 1.173000e-01 
 1.105000e-01 
 1.043000e-01 
 1.385000e-01 
 1.818000e-01 
 1.417000e-01 
 1.241000e-01 
 1.048000e-01 
 1.034000e-01 
 1.100000e-01 
 1.205000e-01 
 1.470000e-01 
 1.020000e-01 
 5.270000e-02 
 1.467000e-01 
 1.659000e-01 
 1.313000e-01 
 8.380000e-02 
 7.000000e-02 
 1.034000e-01 
 8.070000e-02 
 8.950000e-02 
 1.967000e-01 
 2.325000e-01 
 3.045000e-01 
 2.944000e-01 
 3.273000e-01 
 3.608000e-01 
 3.396000e-01 
 3.194000e-01 
 3.267000e-01 
 2.525000e-01 
 2.198000e-01 
 2.193000e-01 
 1.685000e-01 
 1.766000e-01 
 1.602000e-01 
 1.734000e-01 
 1.262000e-01 
 9.970000e-02 
 5.220000e-02 
 8.430000e-02 
 1.037000e-01 
 8.020000e-02 
 1.039000e-01 
 1.477000e-01 
 1.020000e-01 
 1.281000e-01 
 1.764000e-01 
 1.336000e-01 
 1.386000e-01 
 1.030000e-01 
 6.680000e-02 
 1.292000e-01 
 1.455000e-01 
 1.908000e-01 
 1.797000e-01 
 1.242000e-01 
 1.067000e-01 
 1.151000e-01 
 7.870000e-02 
 8.170000e-02 
 8.540000e-02 
 1.913000e-01 
 1.855000e-01 
 1.214000e-01 
 8.950000e-02 
 1.326000e-01 
 1.789000e-01 
 1.585000e-01 
 7.270000e-02 
 1.145000e-01 
 1.706000e-01 
 1.137000e-01 
 1.083000e-01 
 1.871000e-01 
 2.637000e-01 
 3.209000e-01 
 3.245000e-01 
 3.549000e-01 
 3.426000e-01 
 2.838000e-01 
 2.327000e-01 
 2.758000e-01 
 2.782000e-01 
 2.650000e-01 
 2.381000e-01 
 1.799000e-01 
 1.590000e-01 
 7.820000e-02 
 1.781000e-01 
 1.573000e-01 
 1.058000e-01 
 1.880000e-02 
 8.990000e-02 
 1.401000e-01 
 1.281000e-01 
 1.735000e-01 
 2.399000e-01 
 1.598000e-01 
 8.730000e-02 
 1.014000e-01 
 1.421000e-01 
 1.625000e-01 
 1.199000e-01 
 1.618000e-01 
 1.496000e-01 
 2.069000e-01 
 2.642000e-01 
 2.076000e-01 
 1.300000e-01 
 1.131000e-01 
 1.137000e-01 
 8.470000e-02 
 1.314000e-01 
 1.612000e-01 
 2.022000e-01 
 2.283000e-01 
 1.584000e-01 
 7.940000e-02 
 1.075000e-01 
 1.170000e-01 
 1.176000e-01 
 1.147000e-01 
 1.715000e-01 
 2.184000e-01 
 1.948000e-01 
 1.599000e-01 
 2.094000e-01 
 2.663000e-01 
 3.209000e-01 
 3.190000e-01 
 3.257000e-01 
 3.044000e-01 
 2.493000e-01 
 2.753000e-01 
 2.976000e-01 
 2.600000e-01 
 2.337000e-01 
 2.364000e-01 
 2.219000e-01 
 1.260000e-01 
 1.165000e-01 
 1.998000e-01 
 1.226000e-01 
 5.320000e-02 
 2.330000e-02 
 8.970000e-02 
 1.664000e-01 
 1.503000e-01 
 1.688000e-01 
 2.418000e-01 
 1.701000e-01 
 5.690000e-02 
 5.150000e-02 
 1.000000e-01 
 1.740000e-01 
 1.226000e-01 
 1.380000e-01 
 2.342000e-01 
 2.526000e-01 
 2.492000e-01 
 2.463000e-01 
 1.847000e-01 
 1.678000e-01 
 1.918000e-01 
 1.558000e-01 
 1.833000e-01 
 2.230000e-01 
 1.744000e-01 
 1.755000e-01 
 1.440000e-01 
 6.700000e-02 
 7.360000e-02 
 8.510000e-02 
 1.327000e-01 
 2.022000e-01 
 2.232000e-01 
 2.348000e-01 
 2.543000e-01 
 1.939000e-01 
 2.178000e-01 
 2.584000e-01 
 2.539000e-01 
 2.807000e-01 
 2.542000e-01 
 2.646000e-01 
 2.553000e-01 
 3.041000e-01 
 2.806000e-01 
 2.862000e-01 
 2.335000e-01 
 2.056000e-01 
 2.022000e-01 
 1.323000e-01 
 1.542000e-01 
 1.886000e-01 
 1.116000e-01 
 7.940000e-02 
 1.468000e-01 
 1.163000e-01 
 1.306000e-01 
 1.901000e-01 
 1.486000e-01 
 2.210000e-02 
 4.310000e-02 
 7.830000e-02 
 1.410000e-01 
 1.258000e-01 
 1.666000e-01 
 2.636000e-01 
 2.735000e-01 
 2.373000e-01 
 1.582000e-01 
 1.382000e-01 
 1.282000e-01 
 1.894000e-01 
 2.018000e-01 
 1.852000e-01 
 1.836000e-01 
 1.545000e-01 
 1.476000e-01 
 1.311000e-01 
 7.950000e-02 
 1.006000e-01 
 1.007000e-01 
 1.638000e-01 
 2.500000e-01 
 2.207000e-01 
 1.959000e-01 
 2.368000e-01 
 1.907000e-01 
 2.046000e-01 
 2.737000e-01 
 1.869000e-01 
 2.007000e-01 
 2.373000e-01 
 2.491000e-01 
 2.525000e-01 
 2.554000e-01 
 2.834000e-01 
 3.107000e-01 
 1.919000e-01 
 1.960000e-01 
 1.773000e-01 
 1.702000e-01 
 1.769000e-01 
 1.678000e-01 
 9.620000e-02 
 1.960000e-02 
 7.100000e-02 
 1.184000e-01 
 8.690000e-02 
 1.252000e-01 
 1.531000e-01 
 1.210000e-01 
 3.580000e-02 
 2.660000e-02 
 4.160000e-02 
 1.027000e-01 
 9.660000e-02 
 1.734000e-01 
 2.487000e-01 
 2.621000e-01 
 2.327000e-01 
 1.713000e-01 
 1.633000e-01 
 1.747000e-01 
 1.793000e-01 
 2.060000e-01 
 1.754000e-01 
 9.780000e-02 
 1.011000e-01 
 1.633000e-01 
 1.189000e-01 
 1.068000e-01 
 1.342000e-01 
 9.950000e-02 
 1.291000e-01 
 2.165000e-01 
 1.651000e-01 
 1.854000e-01 
 1.939000e-01 
 1.932000e-01 
 1.926000e-01 
 1.936000e-01 
 1.605000e-01 
 1.915000e-01 
 2.762000e-01 
 2.960000e-01 
 2.998000e-01 
 2.842000e-01 
 2.534000e-01 
 2.950000e-01 
 1.970000e-01 
 1.812000e-01 
 1.679000e-01 
 1.536000e-01 
 1.843000e-01 
 1.805000e-01 
 9.510000e-02 
 5.570000e-02 
 5.200000e-03 
 1.150000e-02 
 4.780000e-02 
 6.970000e-02 
 6.710000e-02 
 9.080000e-02 
 1.094000e-01 
 1.608000e-01 
 1.278000e-01 
 3.110000e-02 
 1.240000e-02 
 5.500000e-03 
 6.130000e-02 
 1.388000e-01 
 2.615000e-01 
 2.743000e-01 
 2.404000e-01 
 1.962000e-01 
 2.181000e-01 
 1.707000e-01 
 1.191000e-01 
 1.398000e-01 
 1.423000e-01 
 1.240000e-01 
 7.760000e-02 
 1.541000e-01 
 1.616000e-01 
 1.266000e-01 
 7.400000e-02 
 4.230000e-02 
 6.050000e-02 
 1.649000e-01 
 1.442000e-01 
 1.323000e-01 
 1.401000e-01 
 1.281000e-01 
 1.377000e-01 
 1.681000e-01 
 1.584000e-01 
 2.003000e-01 
 2.675000e-01 
 2.762000e-01 
 2.923000e-01 
 2.832000e-01 
 2.609000e-01 
 2.063000e-01 
 1.924000e-01 
 1.942000e-01 
 1.702000e-01 
 1.663000e-01 
 2.249000e-01 
 1.811000e-01 
 1.697000e-01 
 1.270000e-01 
 1.299000e-01 
 1.515000e-01 
 5.860000e-02 
 2.530000e-02 
 4.000000e-02 
 7.650000e-02 
 1.319000e-01 
 1.582000e-01 
 9.300000e-02 
 2.040000e-02 
 8.930000e-02 
 1.663000e-01 
 2.389000e-01 
 2.663000e-01 
 1.869000e-01 
 1.820000e-01 
 2.313000e-01 
 1.827000e-01 
 1.565000e-01 
 1.270000e-01 
 1.573000e-01 
 1.643000e-01 
 1.280000e-01 
 1.493000e-01 
 1.657000e-01 
 1.019000e-01 
 3.170000e-02 
 4.640000e-02 
 6.960000e-02 
 8.070000e-02 
 6.930000e-02 
 1.391000e-01 
 1.778000e-01 
 1.412000e-01 
 8.350000e-02 
 1.383000e-01 
 1.527000e-01 
 1.561000e-01 
 2.554000e-01 
 2.745000e-01 
 2.921000e-01 
 2.877000e-01 
 2.887000e-01 
 2.054000e-01 
 2.171000e-01 
 1.764000e-01 
 1.162000e-01 
 2.106000e-01 
 2.132000e-01 
 1.695000e-01 
 1.595000e-01 
 1.399000e-01 
 2.034000e-01 
 1.789000e-01 
 1.044000e-01 
 4.120000e-02 
 1.400000e-02 
 1.800000e-02 
 9.840000e-02 
 1.206000e-01 
 1.193000e-01 
 5.690000e-02 
 6.440000e-02 
 8.860000e-02 
 1.380000e-02 
 8.810000e-02 
 1.696000e-01 
 2.384000e-01 
 2.398000e-01 
 1.791000e-01 
 1.535000e-01 
 1.901000e-01 
 1.872000e-01 
 1.647000e-01 
 1.223000e-01 
 1.693000e-01 
 1.553000e-01 
 1.011000e-01 
 8.320000e-02 
 9.750000e-02 
 9.040000e-02 
 3.570000e-02 
 7.510000e-02 
 1.060000e-01 
 1.133000e-01 
 7.990000e-02 
 1.749000e-01 
 2.501000e-01 
 1.414000e-01 
 1.257000e-01 
 1.410000e-01 
 1.261000e-01 
 1.824000e-01 
 2.942000e-01 
 3.397000e-01 
 2.750000e-01 
 3.240000e-01 
 2.790000e-01 
 1.780000e-01 
 2.597000e-01 
 2.030000e-01 
 1.752000e-01 
 2.422000e-01 
 1.862000e-01 
 1.674000e-01 
 1.617000e-01 
 1.729000e-01 
 1.651000e-01 
 1.291000e-01 
 5.060000e-02 
 3.240000e-02 
 8.100000e-02 
 8.690000e-02 
 7.340000e-02 
 6.900000e-02 
 9.430000e-02 
 3.230000e-02 
 7.180000e-02 
 8.900000e-02 
 7.590000e-02 
 4.540000e-02 
 1.182000e-01 
 1.753000e-01 
 2.470000e-01 
 2.406000e-01 
 1.967000e-01 
 2.002000e-01 
 1.710000e-01 
 1.416000e-01 
 1.211000e-01 
 1.426000e-01 
 1.352000e-01 
 7.700000e-02 
 5.010000e-02 
 6.580000e-02 
 6.400000e-02 
 3.760000e-02 
 6.060000e-02 
 1.091000e-01 
 1.673000e-01 
 1.179000e-01 
 1.705000e-01 
 2.241000e-01 
 1.655000e-01 
 1.463000e-01 
 1.068000e-01 
 1.171000e-01 
 2.372000e-01 
 2.513000e-01 
 2.889000e-01 
 2.929000e-01 
 3.017000e-01 
 2.594000e-01 
 2.015000e-01 
 2.610000e-01 
 2.202000e-01 
 2.165000e-01 
 1.651000e-01 
 1.883000e-01 
 1.833000e-01 
 1.937000e-01 
 1.786000e-01 
 1.471000e-01 
 1.083000e-01 
 3.580000e-02 
 8.250000e-02 
 1.614000e-01 
 1.245000e-01 
 8.850000e-02 
 3.130000e-02 
 4.770000e-02 
 6.300000e-02 
 7.970000e-02 
 2.610000e-02 
 4.100000e-03 
 3.700000e-02 
 1.031000e-01 
 1.360000e-01 
 2.115000e-01 
 2.548000e-01 
 2.542000e-01 
 2.039000e-01 
 1.614000e-01 
 1.444000e-01 
 1.114000e-01 
 1.316000e-01 
 1.083000e-01 
 1.102000e-01 
 1.067000e-01 
 6.520000e-02 
 6.720000e-02 
 9.150000e-02 
 1.373000e-01 
 1.408000e-01 
 1.643000e-01 
 1.093000e-01 
 9.980000e-02 
 1.531000e-01 
 1.884000e-01 
 1.953000e-01 
 1.545000e-01 
 1.544000e-01 
 2.033000e-01 
 2.995000e-01 
 3.044000e-01 
 3.267000e-01 
 3.229000e-01 
 2.485000e-01 
 2.526000e-01 
 2.553000e-01 
 2.579000e-01 
 2.353000e-01 
 9.630000e-02 
 1.546000e-01 
 2.155000e-01 
 1.783000e-01 
 1.839000e-01 
 1.110000e-01 
 9.170000e-02 
 5.200000e-02 
 6.880000e-02 
 1.419000e-01 
 1.395000e-01 
 9.360000e-02 
 4.660000e-02 
 7.600000e-03 
 3.850000e-02 
 1.116000e-01 
 1.095000e-01 
 5.430000e-02 
 1.800000e-03 
 8.400000e-03 
 9.940000e-02 
 1.346000e-01 
 1.564000e-01 
 2.436000e-01 
 2.489000e-01 
 2.495000e-01 
 1.697000e-01 
 9.270000e-02 
 9.800000e-02 
 1.473000e-01 
 1.354000e-01 
 1.628000e-01 
 1.294000e-01 
 1.018000e-01 
 1.363000e-01 
 1.461000e-01 
 1.366000e-01 
 9.970000e-02 
 1.045000e-01 
 1.220000e-01 
 1.499000e-01 
 1.760000e-01 
 1.986000e-01 
 1.843000e-01 
 1.483000e-01 
 1.271000e-01 
 2.608000e-01 
 3.360000e-01 
 3.637000e-01 
 3.364000e-01 
 3.090000e-01 
 2.710000e-01 
 3.018000e-01 
 2.308000e-01 
 2.288000e-01 
 1.843000e-01 
 1.890000e-02 
 1.005000e-01 
 2.232000e-01 
 2.075000e-01 
 2.115000e-01 
 1.727000e-01 
 1.016000e-01 
 2.580000e-02 
 1.280000e-02 
 9.980000e-02 
 8.330000e-02 
 7.610000e-02 
 4.100000e-02 
 6.400000e-03 
 2.330000e-02 
 8.430000e-02 
 1.455000e-01 
 9.060000e-02 
 6.520000e-02 
 1.860000e-02 
 8.950000e-02 
 1.655000e-01 
 1.585000e-01 
 2.052000e-01 
 2.372000e-01 
 2.334000e-01 
 1.663000e-01 
 1.331000e-01 
 1.336000e-01 
 1.491000e-01 
 1.752000e-01 
 1.864000e-01 
 2.237000e-01 
 2.135000e-01 
 2.019000e-01 
 1.897000e-01 
 1.359000e-01 
 5.490000e-02 
 6.020000e-02 
 1.089000e-01 
 1.866000e-01 
 2.203000e-01 
 1.777000e-01 
 1.430000e-01 
 9.450000e-02 
 1.426000e-01 
 2.659000e-01 
 3.473000e-01 
 3.705000e-01 
 3.499000e-01 
 2.844000e-01 
 2.894000e-01 
 2.642000e-01 
 2.100000e-01 
 1.499000e-01 
 8.920000e-02 
 3.300000e-02 
 6.330000e-02 
 1.688000e-01 
 2.002000e-01 
 1.906000e-01 
 1.773000e-01 
 1.014000e-01 
 3.400000e-02 
 1.125000e-01 
 1.163000e-01 
 4.730000e-02 
 6.620000e-02 
 9.290000e-02 
 7.240000e-02 
 9.250000e-02 
 8.600000e-02 
 1.146000e-01 
 8.520000e-02 
 1.269000e-01 
 1.241000e-01 
 1.691000e-01 
 2.243000e-01 
 2.137000e-01 
 1.815000e-01 
 1.600000e-01 
 1.488000e-01 
 9.890000e-02 
 1.898000e-01 
 2.248000e-01 
 2.441000e-01 
 2.375000e-01 
 2.288000e-01 
 1.834000e-01 
 1.284000e-01 
 1.182000e-01 
 1.057000e-01 
 5.750000e-02 
 1.469000e-01 
 1.876000e-01 
 1.343000e-01 
 1.772000e-01 
 1.804000e-01 
 2.073000e-01 
 2.427000e-01 
 2.819000e-01 
 3.211000e-01 
 2.830000e-01 
 2.682000e-01 
 2.550000e-01 
 1.455000e-01 
 1.456000e-01 
 1.018000e-01 
 4.820000e-02 
 1.243000e-01 
 1.388000e-01 
 2.222000e-01 
 2.426000e-01 
 2.240000e-01 
 1.682000e-01 
 1.213000e-01 
 6.780000e-02 
 1.690000e-02 
 6.560000e-02 
 5.210000e-02 
 1.350000e-02 
 2.510000e-02 
 8.360000e-02 
 9.060000e-02 
 1.367000e-01 
 1.646000e-01 
 1.603000e-01 
 8.090000e-02 
 1.036000e-01 
 1.435000e-01 
 1.562000e-01 
 2.070000e-01 
 2.012000e-01 
 1.658000e-01 
 1.500000e-01 
 7.440000e-02 
 7.860000e-02 
 1.559000e-01 
 2.588000e-01 
 2.237000e-01 
 2.068000e-01 
 1.671000e-01 
 1.304000e-01 
 1.013000e-01 
 1.354000e-01 
 7.970000e-02 
 7.140000e-02 
 1.163000e-01 
 1.083000e-01 
 8.920000e-02 
 1.320000e-01 
 2.129000e-01 
 2.526000e-01 
 2.062000e-01 
 2.412000e-01 
 2.971000e-01 
 2.107000e-01 
 2.399000e-01 
 2.317000e-01 
 1.882000e-01 
 2.039000e-01 
 1.492000e-01 
 9.150000e-02 
 2.106000e-01 
 2.147000e-01 
 2.541000e-01 
 3.290000e-01 
 2.925000e-01 
 2.046000e-01 
 1.133000e-01 
 4.320000e-02 
 6.510000e-02 
 5.520000e-02 
 7.000000e-04 
 1.200000e-03 
 3.630000e-02 
 1.820000e-02 
 1.350000e-02 
 1.510000e-02 
 1.700000e-02 
 5.350000e-02 
 8.760000e-02 
 1.430000e-01 
 1.198000e-01 
 1.308000e-01 
 7.820000e-02 
 2.170000e-02 
 1.346000e-01 
 1.821000e-01 
 2.347000e-01 
 1.970000e-01 
 1.178000e-01 
 1.423000e-01 
 5.090000e-02 
 5.130000e-02 
 1.746000e-01 
 2.704000e-01 
 2.383000e-01 
 1.633000e-01 
 1.469000e-01 
 1.136000e-01 
 1.171000e-01 
 1.376000e-01 
 1.042000e-01 
 1.101000e-01 
 1.075000e-01 
 7.450000e-02 
 4.920000e-02 
 7.690000e-02 
 1.741000e-01 
 1.975000e-01 
 1.492000e-01 
 2.025000e-01 
 2.232000e-01 
 2.247000e-01 
 2.735000e-01 
 1.990000e-01 
 2.260000e-01 
 2.410000e-01 
 2.541000e-01 
 2.237000e-01 
 2.482000e-01 
 2.596000e-01 
 2.817000e-01 
 3.509000e-01 
 3.355000e-01 
 2.392000e-01 
 1.118000e-01 
 6.270000e-02 
 7.010000e-02 
 7.690000e-02 
 1.004000e-01 
 1.080000e-02 
 4.190000e-02 
 2.740000e-02 
 2.450000e-02 
 4.460000e-02 
 3.570000e-02 
 9.730000e-02 
 5.940000e-02 
 2.440000e-02 
 9.420000e-02 
 7.700000e-03 
 1.464000e-01 
 1.701000e-01 
 1.990000e-01 
 1.312000e-01 
 9.240000e-02 
 8.080000e-02 
 3.250000e-02 
 5.010000e-02 
 1.555000e-01 
 2.272000e-01 
 2.221000e-01 
 2.427000e-01 
 1.984000e-01 
 1.147000e-01 
 1.363000e-01 
 1.360000e-01 
 1.456000e-01 
 1.359000e-01 
 9.520000e-02 
 1.186000e-01 
 9.350000e-02 
 7.400000e-02 
 1.955000e-01 
 1.923000e-01 
 1.378000e-01 
 2.038000e-01 
 2.375000e-01 
 2.067000e-01 
 2.489000e-01 
 1.984000e-01 
 1.942000e-01 
 2.560000e-01 
 3.397000e-01 
 2.486000e-01 
 2.270000e-01 
 2.721000e-01 
 3.584000e-01 
 3.542000e-01 
 3.396000e-01 
 2.410000e-01 
 1.568000e-01 
 1.654000e-01 
 1.184000e-01 
 6.440000e-02 
 3.970000e-02 
 2.380000e-02 
 4.540000e-02 
 6.990000e-02 
 7.890000e-02 
 4.310000e-02 
 2.690000e-02 
 1.100000e-02 
 2.990000e-02 
 3.740000e-02 
 1.200000e-03 
 5.610000e-02 
 1.283000e-01 
 1.813000e-01 
 1.500000e-01 
 9.050000e-02 
 7.520000e-02 
 6.910000e-02 
 2.240000e-02 
 4.250000e-02 
 1.439000e-01 
 1.398000e-01 
 2.027000e-01 
 2.971000e-01 
 2.744000e-01 
 2.408000e-01 
 1.868000e-01 
 1.560000e-01 
 1.842000e-01 
 1.145000e-01 
 1.394000e-01 
 1.534000e-01 
 1.215000e-01 
 1.383000e-01 
 2.222000e-01 
 1.860000e-01 
 1.269000e-01 
 1.256000e-01 
 1.584000e-01 
 1.608000e-01 
 2.340000e-01 
 2.039000e-01 
 2.398000e-01 
 2.961000e-01 
 3.194000e-01 
 2.663000e-01 
 2.558000e-01 
 2.814000e-01 
 3.237000e-01 
 3.757000e-01 
 3.660000e-01 
 3.076000e-01 
 2.409000e-01 
 1.377000e-01 
 7.260000e-02 
 3.050000e-02 
 5.300000e-02 
 2.380000e-02 
 1.038000e-01 
 8.540000e-02 
 5.510000e-02 
 5.600000e-02 
 3.510000e-02 
 5.710000e-02 
 3.990000e-02 
 1.340000e-02 
 4.460000e-02 
 2.870000e-02 
 2.480000e-02 
 6.880000e-02 
 1.351000e-01 
 1.549000e-01 
 8.340000e-02 
 6.460000e-02 
 4.560000e-02 
 6.100000e-03 
 1.970000e-02 
 1.603000e-01 
 1.748000e-01 
 2.275000e-01 
 3.069000e-01 
 2.919000e-01 
 2.880000e-01 
 2.398000e-01 
 2.197000e-01 
 2.089000e-01 
 1.423000e-01 
 1.196000e-01 
 1.239000e-01 
 1.037000e-01 
 1.663000e-01 
 1.979000e-01 
 1.900000e-01 
 1.086000e-01 
 6.550000e-02 
 8.780000e-02 
 1.323000e-01 
 1.796000e-01 
 1.940000e-01 
 2.451000e-01 
 3.218000e-01 
 2.964000e-01 
 2.627000e-01 
 3.171000e-01 
 3.628000e-01 
 3.958000e-01 
 3.784000e-01 
 3.601000e-01 
 3.216000e-01 
 2.835000e-01 
 1.260000e-01 
 6.710000e-02 
 2.100000e-03 
 5.000000e-02 
 8.480000e-02 
 1.127000e-01 
 6.950000e-02 
 2.790000e-02 
 3.080000e-02 
 5.050000e-02 
 5.300000e-03 
 3.250000e-02 
 1.019000e-01 
 4.940000e-02 
 1.390000e-02 
 3.910000e-02 
 9.800000e-02 
 1.150000e-01 
 1.641000e-01 
 1.214000e-01 
 1.206000e-01 
 8.490000e-02 
 6.210000e-02 
 7.600000e-02 
 1.613000e-01 
 1.602000e-01 
 2.302000e-01 
 2.784000e-01 
 2.420000e-01 
 2.759000e-01 
 3.019000e-01 
 2.371000e-01 
 1.877000e-01 
 1.146000e-01 
 4.640000e-02 
 8.880000e-02 
 1.230000e-01 
 1.927000e-01 
 2.186000e-01 
 1.808000e-01 
 1.499000e-01 
 1.052000e-01 
 9.020000e-02 
 7.110000e-02 
 1.021000e-01 
 1.412000e-01 
 2.000000e-01 
 2.238000e-01 
 2.344000e-01 
 2.491000e-01 
 3.172000e-01 
 3.637000e-01 
 4.238000e-01 
 3.444000e-01 
 3.433000e-01 
 3.095000e-01 
 2.731000e-01 
 1.498000e-01 
 7.250000e-02 
 1.990000e-02 
 7.130000e-02 
 1.007000e-01 
 6.070000e-02 
 8.100000e-03 
 3.360000e-02 
 4.010000e-02 
 5.900000e-03 
 1.970000e-02 
 9.840000e-02 
 2.890000e-02 
 1.460000e-02 
 6.140000e-02 
 1.310000e-01 
 9.790000e-02 
 1.250000e-01 
 1.511000e-01 
 1.363000e-01 
 1.117000e-01 
 4.510000e-02 
 8.950000e-02 
 1.431000e-01 
 2.108000e-01 
 2.883000e-01 
 3.102000e-01 
 1.956000e-01 
 2.052000e-01 
 2.470000e-01 
 2.113000e-01 
 1.217000e-01 
 4.500000e-02 
 1.960000e-02 
 8.820000e-02 
 1.735000e-01 
 2.257000e-01 
 1.828000e-01 
 1.384000e-01 
 1.237000e-01 
 7.500000e-02 
 6.300000e-02 
 3.620000e-02 
 4.840000e-02 
 1.061000e-01 
 1.818000e-01 
 1.332000e-01 
 1.898000e-01 
 2.789000e-01 
 3.137000e-01 
 3.253000e-01 
 3.515000e-01 
 2.783000e-01 
 3.001000e-01 
 2.821000e-01 
 2.642000e-01 
 1.844000e-01 
 1.960000e-02 
 2.100000e-02 
 7.360000e-02 
 8.610000e-02 
 3.580000e-02 
 4.690000e-02 
 6.490000e-02 
 3.770000e-02 
 2.770000e-02 
 1.730000e-02 
 2.990000e-02 
 1.250000e-02 
 4.390000e-02 
 2.290000e-02 
 5.870000e-02 
 9.910000e-02 
 9.670000e-02 
 8.850000e-02 
 1.410000e-01 
 1.866000e-01 
 1.420000e-01 
 1.079000e-01 
 1.189000e-01 
 1.533000e-01 
 2.236000e-01 
 2.313000e-01 
 2.940000e-01 
 1.997000e-01 
 1.839000e-01 
 2.002000e-01 
 1.792000e-01 
 1.077000e-01 
 1.290000e-02 
 6.450000e-02 
 1.666000e-01 
 2.334000e-01 
 1.856000e-01 
 1.731000e-01 
 7.190000e-02 
 8.200000e-03 
 8.100000e-03 
 8.700000e-03 
 3.270000e-02 
 7.470000e-02 
 1.831000e-01 
 1.748000e-01 
 1.866000e-01 
 2.130000e-01 
 2.849000e-01 
 2.818000e-01 
 2.670000e-01 
 2.213000e-01 
 2.396000e-01 
 2.428000e-01 
 1.877000e-01 
 1.256000e-01 
 1.010000e-01 
 9.900000e-02 
 8.380000e-02 
 8.980000e-02 
 8.170000e-02 
 4.710000e-02 
 1.510000e-02 
 8.500000e-03 
 2.920000e-02 
 8.780000e-02 
 9.340000e-02 
 6.340000e-02 
 4.430000e-02 
 2.540000e-02 
 3.760000e-02 
 4.300000e-02 
 7.960000e-02 
 7.210000e-02 
 1.199000e-01 
 1.026000e-01 
 7.040000e-02 
 1.057000e-01 
 1.703000e-01 
 1.982000e-01 
 1.911000e-01 
 1.580000e-01 
 1.342000e-01 
 1.882000e-01 
 2.514000e-01 
 2.391000e-01 
 2.457000e-01 
 2.146000e-01 
 1.972000e-01 
 1.596000e-01 
 1.856000e-01 
 1.462000e-01 
 1.240000e-02 
 5.740000e-02 
 1.292000e-01 
 1.910000e-01 
 2.497000e-01 
 2.226000e-01 
 1.704000e-01 
 8.180000e-02 
 5.600000e-03 
 1.590000e-02 
 3.290000e-02 
 7.540000e-02 
 1.944000e-01 
 2.256000e-01 
 2.047000e-01 
 2.066000e-01 
 1.986000e-01 
 2.104000e-01 
 1.940000e-01 
 1.362000e-01 
 1.939000e-01 
 2.080000e-01 
 1.435000e-01 
 1.077000e-01 
 6.360000e-02 
 8.070000e-02 
 1.584000e-01 
 1.792000e-01 
 1.595000e-01 
 1.113000e-01 
 1.584000e-01 
 1.117000e-01 
 1.182000e-01 
 7.100000e-02 
 8.150000e-02 
 9.790000e-02 
 1.257000e-01 
 1.307000e-01 
 3.830000e-02 
 1.108000e-01 
 8.090000e-02 
 9.740000e-02 
 1.490000e-01 
 1.031000e-01 
 7.880000e-02 
 1.250000e-01 
 1.861000e-01 
 1.934000e-01 
 1.824000e-01 
 1.696000e-01 
 2.114000e-01 
 2.115000e-01 
 1.827000e-01 
 1.806000e-01 
 2.060000e-01 
 2.301000e-01 
 1.946000e-01 
 1.465000e-01 
 1.349000e-01 
 1.089000e-01 
 8.660000e-02 
 1.566000e-01 
 1.722000e-01 
 2.051000e-01 
 2.745000e-01 
 1.837000e-01 
 1.097000e-01 
 7.900000e-02 
 2.200000e-02 
 4.610000e-02 
 3.460000e-02 
 5.470000e-02 
 9.970000e-02 
 1.871000e-01 
 2.187000e-01 
 2.095000e-01 
 1.954000e-01 
 1.445000e-01 
 1.462000e-01 
 1.384000e-01 
 1.448000e-01 
 1.795000e-01 
 2.048000e-01 
 1.307000e-01 
 1.473000e-01 
 1.240000e-01 
 1.480000e-01 
 1.953000e-01 
 2.122000e-01 
 1.688000e-01 
 1.482000e-01 
 2.129000e-01 
 1.048000e-01 
 1.083000e-01 
 1.022000e-01 
 8.830000e-02 
 1.365000e-01 
 1.385000e-01 
 1.234000e-01 
 3.780000e-02 
 1.400000e-03 
 4.540000e-02 
 5.930000e-02 
 6.360000e-02 
 1.145000e-01 
 9.610000e-02 
 6.950000e-02 
 1.362000e-01 
 1.852000e-01 
 2.193000e-01 
 2.072000e-01 
 1.467000e-01 
 2.227000e-01 
 1.994000e-01 
 1.736000e-01 
 1.674000e-01 
 1.502000e-01 
 1.970000e-01 
 2.168000e-01 
 1.131000e-01 
 1.158000e-01 
 1.436000e-01 
 1.564000e-01 
 1.810000e-01 
 1.516000e-01 
 1.891000e-01 
 2.088000e-01 
 1.143000e-01 
 3.450000e-02 
 2.940000e-02 
 2.240000e-02 
 1.100000e-02 
 2.750000e-02 
 7.950000e-02 
 7.020000e-02 
 1.624000e-01 
 2.197000e-01 
 1.980000e-01 
 1.732000e-01 
 4.710000e-02 
 7.220000e-02 
 9.910000e-02 
 1.794000e-01 
 1.913000e-01 
 1.716000e-01 
 1.517000e-01 
 1.604000e-01 
 1.510000e-01 
 1.589000e-01 
 1.426000e-01 
 1.359000e-01 
 1.238000e-01 
 1.398000e-01 
 2.017000e-01 
 1.547000e-01 
 1.112000e-01 
 1.147000e-01 
 1.333000e-01 
 1.762000e-01 
 1.552000e-01 
 1.065000e-01 
 1.116000e-01 
 1.354000e-01 
 1.520000e-02 
 3.420000e-02 
 9.480000e-02 
 1.157000e-01 
 9.770000e-02 
 1.092000e-01 
 1.370000e-01 
 1.505000e-01 
 2.345000e-01 
 2.988000e-01 
 2.811000e-01 
 2.200000e-01 
 1.673000e-01 
 1.677000e-01 
 2.153000e-01 
 2.019000e-01 
 1.785000e-01 
 1.608000e-01 
 1.978000e-01 
 1.369000e-01 
 1.275000e-01 
 1.391000e-01 
 1.529000e-01 
 1.165000e-01 
 1.376000e-01 
 1.320000e-01 
 1.300000e-01 
 7.910000e-02 
 4.630000e-02 
 4.900000e-02 
 3.960000e-02 
 4.420000e-02 
 8.930000e-02 
 7.210000e-02 
 4.230000e-02 
 9.830000e-02 
 1.363000e-01 
 1.094000e-01 
 7.570000e-02 
 3.610000e-02 
 5.490000e-02 
 1.338000e-01 
 1.593000e-01 
 1.664000e-01 
 1.770000e-01 
 1.670000e-01 
 1.561000e-01 
 1.684000e-01 
 1.751000e-01 
 1.477000e-01 
 1.351000e-01 
 1.180000e-01 
 1.462000e-01 
 1.407000e-01 
 1.531000e-01 
 1.323000e-01 
 1.611000e-01 
 1.892000e-01 
 2.417000e-01 
 1.009000e-01 
 7.900000e-02 
 1.320000e-01 
 7.520000e-02 
 8.200000e-02 
 1.165000e-01 
 1.250000e-01 
 1.560000e-01 
 1.839000e-01 
 2.126000e-01 
 2.185000e-01 
 2.771000e-01 
 2.917000e-01 
 2.745000e-01 
 2.438000e-01 
 2.100000e-01 
 1.111000e-01 
 2.055000e-01 
 2.282000e-01 
 2.160000e-01 
 2.032000e-01 
 1.764000e-01 
 1.092000e-01 
 6.840000e-02 
 1.349000e-01 
 1.240000e-01 
 7.890000e-02 
 1.445000e-01 
 1.128000e-01 
 1.053000e-01 
 1.081000e-01 
 9.620000e-02 
 5.080000e-02 
 4.660000e-02 
 1.184000e-01 
 9.170000e-02 
 6.340000e-02 
 8.700000e-02 
 8.390000e-02 
 5.820000e-02 
 2.530000e-02 
 6.170000e-02 
 3.990000e-02 
 5.050000e-02 
 9.320000e-02 
 1.495000e-01 
 1.873000e-01 
 1.904000e-01 
 1.439000e-01 
 1.942000e-01 
 1.788000e-01 
 1.389000e-01 
 1.476000e-01 
 9.800000e-02 
 8.380000e-02 
 1.103000e-01 
 1.583000e-01 
 1.660000e-01 
 1.514000e-01 
 1.785000e-01 
 2.257000e-01 
 1.421000e-01 
 7.900000e-02 
 7.440000e-02 
 1.040000e-01 
 1.105000e-01 
 1.236000e-01 
 1.115000e-01 
 2.130000e-01 
 2.782000e-01 
 2.354000e-01 
 2.310000e-01 
 2.525000e-01 
 2.586000e-01 
 2.479000e-01 
 2.449000e-01 
 1.836000e-01 
 1.195000e-01 
 1.864000e-01 
 2.629000e-01 
 2.652000e-01 
 2.457000e-01 
 1.772000e-01 
 1.039000e-01 
 7.380000e-02 
 1.587000e-01 
 1.055000e-01 
 6.240000e-02 
 1.356000e-01 
 1.112000e-01 
 1.182000e-01 
 1.057000e-01 
 8.780000e-02 
 5.300000e-03 
 2.180000e-02 
 9.350000e-02 
 8.570000e-02 
 4.750000e-02 
 6.670000e-02 
 1.211000e-01 
 9.530000e-02 
 8.800000e-03 
 3.090000e-02 
 3.060000e-02 
 2.730000e-02 
 3.910000e-02 
 8.690000e-02 
 1.576000e-01 
 2.040000e-01 
 1.784000e-01 
 1.739000e-01 
 1.982000e-01 
 1.583000e-01 
 9.950000e-02 
 8.200000e-02 
 3.950000e-02 
 2.140000e-02 
 9.490000e-02 
 2.339000e-01 
 2.342000e-01 
 1.768000e-01 
 1.639000e-01 
 1.937000e-01 
 2.061000e-01 
 1.200000e-01 
 6.800000e-02 
 7.870000e-02 
 1.122000e-01 
 1.089000e-01 
 1.493000e-01 
 1.870000e-01 
 2.457000e-01 
 2.216000e-01 
 2.389000e-01 
 2.665000e-01 
 2.503000e-01 
 2.235000e-01 
 2.148000e-01 
 1.578000e-01 
 1.647000e-01 
 1.910000e-01 
 2.441000e-01 
 2.574000e-01 
 2.517000e-01 
 1.842000e-01 
 1.595000e-01 
 9.370000e-02 
 9.800000e-02 
 1.547000e-01 
 1.424000e-01 
 1.410000e-01 
 9.720000e-02 
 7.850000e-02 
 7.490000e-02 
 4.830000e-02 
 2.780000e-02 
 1.680000e-02 
 1.400000e-02 
 3.090000e-02 
 1.152000e-01 
 6.110000e-02 
 8.800000e-02 
 4.160000e-02 
 2.250000e-02 
 9.390000e-02 
 9.670000e-02 
 1.107000e-01 
 1.174000e-01 
 1.184000e-01 
 1.731000e-01 
 2.140000e-01 
 1.546000e-01 
 9.150000e-02 
 3.200000e-03 
 1.000000e-02 
 7.000000e-02 
 2.005000e-01 
 2.209000e-01 
 1.925000e-01 
 2.042000e-01 
 2.235000e-01 
 2.107000e-01 
 1.274000e-01 
 2.650000e-02 
 5.600000e-02 
 1.002000e-01 
 1.743000e-01 
 1.931000e-01 
 2.495000e-01 
 2.132000e-01 
 2.182000e-01 
 2.212000e-01 
 2.437000e-01 
 2.232000e-01 
 1.347000e-01 
 1.664000e-01 
 1.813000e-01 
 1.937000e-01 
 2.541000e-01 
 2.487000e-01 
 2.311000e-01 
 2.177000e-01 
 1.683000e-01 
 1.799000e-01 
 1.592000e-01 
 1.093000e-01 
 1.460000e-01 
 1.559000e-01 
 1.697000e-01 
 7.850000e-02 
 4.690000e-02 
 2.270000e-02 
 7.050000e-02 
 7.910000e-02 
 4.440000e-02 
 2.700000e-02 
 2.750000e-02 
 2.700000e-03 
 2.400000e-02 
 9.830000e-02 
 5.070000e-02 
 8.930000e-02 
 1.139000e-01 
 5.070000e-02 
 5.970000e-02 
 6.720000e-02 
 5.430000e-02 
 1.169000e-01 
 6.680000e-02 
 8.350000e-02 
 1.177000e-01 
 1.293000e-01 
 1.292000e-01 
 4.210000e-02 
 2.490000e-02 
 3.870000e-02 
 5.320000e-02 
 1.869000e-01 
 1.573000e-01 
 1.347000e-01 
 1.899000e-01 
 2.356000e-01 
 1.551000e-01 
 1.225000e-01 
 3.780000e-02 
 2.550000e-02 
 3.700000e-02 
 1.440000e-01 
 2.147000e-01 
 2.328000e-01 
 2.207000e-01 
 1.876000e-01 
 1.339000e-01 
 1.246000e-01 
 1.484000e-01 
 1.048000e-01 
 1.516000e-01 
 2.011000e-01 
 2.339000e-01 
 2.528000e-01 
 2.074000e-01 
 2.118000e-01 
 1.528000e-01 
 1.916000e-01 
 2.287000e-01 
 2.019000e-01 
 1.419000e-01 
 1.396000e-01 
 1.726000e-01 
 1.760000e-01 
 6.890000e-02 
 4.150000e-02 
 1.770000e-02 
 7.220000e-02 
 1.079000e-01 
 7.940000e-02 
 2.760000e-02 
 3.590000e-02 
 1.900000e-03 
 2.080000e-02 
 8.710000e-02 
 8.240000e-02 
 8.840000e-02 
 6.060000e-02 
 4.640000e-02 
 1.600000e-02 
 4.730000e-02 
 1.012000e-01 
 6.270000e-02 
 4.390000e-02 
 9.000000e-02 
 3.000000e-02 
 1.374000e-01 
 9.780000e-02 
 2.810000e-02 
 2.440000e-02 
 6.410000e-02 
 5.480000e-02 
 1.300000e-01 
 1.100000e-01 
 1.184000e-01 
 1.478000e-01 
 1.910000e-01 
 1.250000e-01 
 8.110000e-02 
 4.460000e-02 
 5.440000e-02 
 2.390000e-02 
 7.960000e-02 
 1.670000e-01 
 1.998000e-01 
 2.168000e-01 
 1.537000e-01 
 9.200000e-02 
 1.078000e-01 
 1.033000e-01 
 1.179000e-01 
 1.308000e-01 
 1.860000e-01 
 2.261000e-01 
 2.374000e-01 
 1.889000e-01 
 1.672000e-01 
 1.297000e-01 
 1.872000e-01 
 2.416000e-01 
 2.263000e-01 
 1.506000e-01 
 1.371000e-01 
 1.499000e-01 
 1.119000e-01 
 1.008000e-01 
 1.430000e-02 
 3.070000e-02 
 4.720000e-02 
 6.880000e-02 
 4.990000e-02 
 8.660000e-02 
 4.450000e-02 
 9.140000e-02 
 1.269000e-01 
 1.086000e-01 
 6.470000e-02 
 1.130000e-02 
 6.170000e-02 
 3.240000e-02 
 1.440000e-02 
 5.790000e-02 
 5.920000e-02 
 1.765000e-01 
 1.629000e-01 
 1.266000e-01 
 1.175000e-01 
 1.200000e-01 
 8.570000e-02 
 6.850000e-02 
 4.340000e-02 
 8.840000e-02 
 1.250000e-01 
 1.028000e-01 
 8.320000e-02 
 5.360000e-02 
 4.090000e-02 
 6.430000e-02 
 3.490000e-02 
 6.820000e-02 
 1.342000e-01 
 1.311000e-01 
 1.904000e-01 
 2.059000e-01 
 1.843000e-01 
 1.071000e-01 
 1.050000e-01 
 8.370000e-02 
 1.039000e-01 
 1.222000e-01 
 1.842000e-01 
 2.129000e-01 
 1.717000e-01 
 1.318000e-01 
 1.374000e-01 
 1.670000e-01 
 2.100000e-01 
 1.455000e-01 
 1.231000e-01 
 9.190000e-02 
 9.110000e-02 
 1.033000e-01 
 1.127000e-01 
 6.120000e-02 
 1.120000e-02 
 1.550000e-02 
 8.520000e-02 
 1.429000e-01 
 9.690000e-02 
 4.650000e-02 
 9.790000e-02 
 1.435000e-01 
 1.132000e-01 
 1.088000e-01 
 2.280000e-02 
 2.480000e-02 
 4.600000e-03 
 3.000000e-04 
 6.230000e-02 
 1.193000e-01 
 2.050000e-01 
 2.717000e-01 
 2.697000e-01 
 1.716000e-01 
 1.567000e-01 
 1.157000e-01 
 8.470000e-02 
 2.910000e-02 
 1.300000e-03 
 2.420000e-02 
 5.320000e-02 
 8.920000e-02 
 8.520000e-02 
 5.070000e-02 
 6.710000e-02 
 4.330000e-02 
 6.600000e-02 
 8.540000e-02 
 6.070000e-02 
 1.499000e-01 
 2.318000e-01 
 2.580000e-01 
 1.294000e-01 
 1.059000e-01 
 2.640000e-02 
 5.470000e-02 
 8.790000e-02 
 1.140000e-01 
 1.948000e-01 
 1.739000e-01 
 1.593000e-01 
 1.876000e-01 
 1.818000e-01 
 1.727000e-01 
 1.100000e-01 
 9.740000e-02 
 5.070000e-02 
 6.320000e-02 
 8.580000e-02 
 8.080000e-02 
 4.160000e-02 
 3.140000e-02 
 9.690000e-02 
 1.307000e-01 
 1.363000e-01 
 1.289000e-01 
 1.158000e-01 
 1.422000e-01 
 1.084000e-01 
 9.310000e-02 
 9.300000e-03 
 2.300000e-02 
 9.120000e-02 
 2.181000e-01 
 2.614000e-01 
 3.095000e-01 
 2.276000e-01 
 1.671000e-01 
 1.306000e-01 
 5.140000e-02 
 3.670000e-02 
 1.910000e-02 
 1.056000e-01 
 4.320000e-02 
 5.480000e-02 
 7.860000e-02 
 8.710000e-02 
 2.560000e-02 
 8.040000e-02 
 1.650000e-01 
 2.242000e-01 
 2.630000e-01 
 1.726000e-01 
 1.121000e-01 
 1.960000e-02 
 4.310000e-02 
 2.270000e-02 
 6.180000e-02 
 1.183000e-01 
 1.131000e-01 
 1.710000e-01 
 2.023000e-01 
 1.828000e-01 
 1.244000e-01 
 1.015000e-01 
 8.520000e-02 
 6.310000e-02 
 9.590000e-02 
 1.288000e-01 
 5.690000e-02 
 1.100000e-03 
 2.200000e-03 
 7.810000e-02 
 4.700000e-02 
 1.096000e-01 
 1.288000e-01 
 1.438000e-01 
 1.553000e-01 
 1.612000e-01 
 1.575000e-01 
 8.240000e-02 
 3.900000e-02 
 1.850000e-02 
 1.100000e-03 
 6.650000e-02 
 1.643000e-01 
 2.220000e-01 
 2.845000e-01 
 2.038000e-01 
 1.691000e-01 
 1.557000e-01 
 1.090000e-01 
 5.570000e-02 
 1.163000e-01 
 5.080000e-02 
 1.620000e-02 
 7.170000e-02 
 1.095000e-01 
 1.056000e-01 
 8.490000e-02 
 1.593000e-01 
 2.337000e-01 
 2.456000e-01 
 1.578000e-01 
 6.890000e-02 
 1.860000e-02 
 2.530000e-02 
 2.220000e-02 
 7.230000e-02 
 5.320000e-02 
 9.820000e-02 
 1.668000e-01 
 1.679000e-01 
 1.556000e-01 
 1.186000e-01 
 7.450000e-02 
 3.530000e-02 
 7.760000e-02 
 1.207000e-01 
 7.190000e-02 
 3.940000e-02 
 1.530000e-02 
 6.890000e-02 
 7.570000e-02 
 1.333000e-01 
 1.428000e-01 
 1.656000e-01 
 1.743000e-01 
 1.876000e-01 
 1.039000e-01 
 1.970000e-02 
 3.050000e-02 
 5.230000e-02 
 1.600000e-02 
 5.200000e-03 
 5.610000e-02 
 1.268000e-01 
 2.185000e-01 
 2.678000e-01 
 1.731000e-01 
 1.608000e-01 
 1.638000e-01 
 1.181000e-01 
 6.530000e-02 
 1.220000e-02 
 4.610000e-02 
 5.000000e-04 
 2.200000e-02 
 1.004000e-01 
 1.018000e-01 
 9.230000e-02 
 1.460000e-01 
 2.060000e-01 
 1.683000e-01 
 1.172000e-01 
 7.370000e-02 
 3.980000e-02 
 3.960000e-02 
 3.610000e-02 
 4.950000e-02 
 5.300000e-02 
 9.510000e-02 
 1.246000e-01 
 1.428000e-01 
 1.008000e-01 
 4.980000e-02 
 2.120000e-02 
 1.105000e-01 
 1.183000e-01 
 4.230000e-02 
 3.590000e-02 
 8.280000e-02 
 1.349000e-01 
 2.195000e-01 
 2.118000e-01 
 2.073000e-01 
 2.228000e-01 
 1.528000e-01 
 2.410000e-02 
 3.700000e-02 
 5.510000e-02 
 5.970000e-02 
 1.275000e-01 
 1.622000e-01 
 1.646000e-01 
 2.136000e-01 
 1.250000e-01 
 1.024000e-01 
 1.044000e-01 
 7.910000e-02 
 1.180000e-02 
 5.800000e-03 
 5.200000e-03 
 3.700000e-03 
 9.440000e-02 
 1.465000e-01 
 1.662000e-01 
 9.320000e-02 
 1.025000e-01 
 5.770000e-02 
 4.640000e-02 
 3.090000e-02 
 4.930000e-02 
 6.890000e-02 
 4.980000e-02 
 6.550000e-02 
 2.660000e-02 
 5.470000e-02 
 8.420000e-02 
 1.379000e-01 
 1.151000e-01 
 3.830000e-02 
 1.247000e-01 
 1.215000e-01 
 2.760000e-02 
 7.100000e-02 
 1.362000e-01 
 2.432000e-01 
 2.683000e-01 
 2.493000e-01 
 2.504000e-01 
 2.090000e-01 
 1.151000e-01 
 2.030000e-02 
 1.930000e-02 
 3.360000e-02 
 3.020000e-02 
 6.980000e-02 
 9.010000e-02 
 1.669000e-01 
 1.497000e-01 
 1.063000e-01 
 1.489000e-01 
 1.002000e-01 
 3.800000e-03 
 4.340000e-02 
 6.370000e-02 
 3.580000e-02 
 1.114000e-01 
 1.725000e-01 
 1.568000e-01 
 6.400000e-02 
 5.580000e-02 
 2.220000e-02 
 1.630000e-02 
 5.110000e-02 
 7.070000e-02 
 7.450000e-02 
 9.630000e-02 
 7.200000e-02 
 5.310000e-02 
 4.900000e-02 
 9.770000e-02 
 1.564000e-01 
 1.224000e-01 
 7.440000e-02 
 9.700000e-03 
 6.140000e-02 
 6.260000e-02 
 1.810000e-02 
 1.071000e-01 
 1.872000e-01 
 2.284000e-01 
 2.589000e-01 
 2.631000e-01 
 2.842000e-01 
 2.463000e-01 
 1.080000e-01 
 8.700000e-03 
 8.290000e-02 
 9.440000e-02 
 4.960000e-02 
 4.810000e-02 
 8.890000e-02 
 1.350000e-01 
 1.384000e-01 
 1.084000e-01 
 1.365000e-01 
 7.140000e-02 
 1.000000e-04 
 2.920000e-02 
 2.170000e-02 
 3.200000e-03 
 5.900000e-02 
 3.870000e-02 
 9.090000e-02 
 1.583000e-01 
 1.091000e-01 
 6.290000e-02 
 2.120000e-02 
 7.500000e-03 
 3.940000e-02 
 1.148000e-01 
 8.850000e-02 
 1.011000e-01 
 1.518000e-01 
 8.590000e-02 
 7.380000e-02 
 1.257000e-01 
 1.696000e-01 
 1.868000e-01 
 1.475000e-01 
 1.289000e-01 
 7.130000e-02 
 6.500000e-02 
 6.830000e-02 
 3.760000e-02 
 3.930000e-02 
 2.210000e-02 
 1.100000e-02 
 1.641000e-01 
 1.554000e-01 
 2.231000e-01 
 2.227000e-01 
 2.078000e-01 
 2.212000e-01 
 1.882000e-01 
 8.730000e-02 
 8.000000e-03 
 5.260000e-02 
 5.820000e-02 
 1.181000e-01 
 1.405000e-01 
 1.006000e-01 
 1.262000e-01 
 1.474000e-01 
 1.903000e-01 
 1.946000e-01 
 1.693000e-01 
 1.410000e-01 
 6.260000e-02 
 4.010000e-02 
 3.560000e-02 
 1.400000e-03 
 2.140000e-02 
 1.570000e-02 
 1.266000e-01 
 8.580000e-02 
 3.440000e-02 
 8.780000e-02 
 1.410000e-01 
 1.325000e-01 
 1.520000e-01 
 1.244000e-01 
 1.258000e-01 
 1.785000e-01 
 1.852000e-01 
 2.109000e-01 
 2.021000e-01 
 1.629000e-01 
 7.000000e-02 
 5.880000e-02 
 9.940000e-02 
 4.940000e-02 
 6.900000e-02 
 1.500000e-02 
 1.180000e-02 
 4.490000e-02 
 5.310000e-02 
 4.550000e-02 
 1.173000e-01 
 1.230000e-01 
 2.024000e-01 
 2.093000e-01 
 1.595000e-01 
 1.671000e-01 
 1.685000e-01 
 9.620000e-02 
 1.018000e-01 
 