#BBP Station List for EQID=25 (Chino Hills)
#SLong    SLat     RSN   Rrup(km)  Vs30(m/s) LoPass_Freq(Hz) HiPass_Freq(Hz)  Obs_File
-117.803 33.927  25029  12.6   378 0.0500  111.1111    CHINOH/25029_N.acc
-117.820 33.912  25040  13.2   374 0.1375  111.1111    CHINOH/25040_N.acc
-117.896 33.933  25028  15.6   396 0.1000  111.1111    CHINOH/25028_N.acc
-117.817 33.854  25027  16.0   359 0.1000  111.1111    CHINOH/25027_N.acc
-117.789 33.829  25022  16.9   440 0.4750  111.1111    CHINOH/25022_N.acc
-117.951 34.010  25024  20.2   342 0.3375  111.1111    CHINOH/25024_N.acc
-117.807 34.092  25017  20.4   462 0.3250  111.1111    CHINOH/25017_N.acc
-117.844 33.788  25013  21.7   318 0.2625  111.1111    CHINOH/25013_N.acc
-117.562 34.005  25010  22.6   335 0.3625  111.1111    CHINOH/25010_N.acc
-117.609 33.795  25015  22.7   699 0.4250  111.1111    CHINOH/25015_N.acc
-117.911 34.132  25031  26.4   363 0.1000  111.1111    CHINOH/25031_N.acc
-117.638 34.121  25014  26.8   388 0.3250  111.1111    CHINOH/25014_N.acc
-117.439 34.100  25005  36.2   335 0.4000  111.1111    CHINOH/25005_N.acc
-118.102 34.150  25006  38.3   383 0.2500  111.1111    CHINOH/25006_N.acc
-118.178 34.037  25001  38.8   349 0.2750  111.1111    CHINOH/25001_N.acc
-117.879 33.597  25007  40.6   389 0.2750  111.1111    CHINOH/25007_N.acc
-117.321 33.920  25035  40.9   557 0.1750  111.1111    CHINOH/25035_N.acc
-118.058 34.224  25012  41.2   760 0.3000  111.1111    CHINOH/25012_N.acc
-118.230 34.096  25032  45.2   370 0.1250  111.1111    CHINOH/25032_N.acc
-117.365 34.205  25036  47.9   495 0.1875  111.1111    CHINOH/25036_N.acc
-118.315 33.909  25030  49.8   354 0.0625  111.1111    CHINOH/25030_N.acc
-118.294 33.713  25004  54.4   393 0.2875  111.1111    CHINOH/25004_N.acc
-118.377 33.896  25034  55.5   332 0.1000  111.1111    CHINOH/25034_N.acc
-117.235 34.232  25019  58.6   393 0.4750  111.1111    CHINOH/25019_N.acc
-117.367 34.366  25008  60.4   365 0.2875  111.1111    CHINOH/25008_N.acc
-118.404 33.743  25018  62.0   530 0.3000  111.1111    CHINOH/25018_N.acc
-116.959 33.787  25025  75.0   306 0.1125  111.1111    CHINOH/25025_N.acc
-116.931 33.744  25026  78.6   351 0.1375  111.1111    CHINOH/25026_N.acc
-118.560 34.277  25037  80.5   450 0.1125  111.1111    CHINOH/25037_N.acc
-118.646 34.059  25021  80.5   750 0.2375  111.1111    CHINOH/25021_N.acc
-118.299 34.687  25002  95.0   347 0.2500  111.1111    CHINOH/25002_N.acc
-116.717 33.708  25033  98.6   845 0.1375  111.1111    CHINOH/25033_N.acc
-118.905 34.281  25011 109.6   355 0.1375  111.1111    CHINOH/25011_N.acc
-116.390 33.917  25038 125.2   388 0.2000  111.1111    CHINOH/25038_N.acc
-117.230 32.875  25039 126.8   388 0.3125  111.1111    CHINOH/25039_N.acc
-116.378 33.648  25016 130.5   786 0.2625  111.1111    CHINOH/25016_N.acc
-119.138 34.437  25020 135.7   351 0.2125  111.1111    CHINOH/25020_N.acc
-116.846 32.891  25003 142.6   805 0.2500  111.1111    CHINOH/25003_N.acc
-116.226 33.575  25023 146.1  1100 0.2500  111.1111    CHINOH/25023_N.acc
-116.041 34.227  25009 160.1  1188 0.2875  111.1111    CHINOH/25009_N.acc